Webots Project File version R2023b
perspectives: 000000ff00000000fd0000000300000000000001ca0000039ffc0200000001fb00000012005300630065006e0065005400720065006501000000000000039f0000000000000000000000010000023a00000452fc0200000001fb0000001400540065007800740045006400690074006f00720100000016000004520000004100ffffff0000000300000a00000000dafc0100000002fb0000000e0043006f006e0073006f006c006501000001d0000005b00000000000000000fc0000000000000a000000006900fffffffa000000000100000002fb0000001a0043006f006e0073006f006c00650041006c006c0041006c006c0100000000ffffffff0000006900fffffffb0000001a0043006f006e0073006f006c00650041006c006c0041006c006c0100000000ffffffff0000000000000000000007c40000045200000004000000040000000100000008fc00000000
simulationViewPerspectives: 000000ff00000001000000020000016c000006560100000002010000000101
sceneTreePerspectives: 000000ff00000001000000030000001e000000c0000000fa0100000002010000000201
minimizedPerspectives: 000000ff00000000fd0000000300000000000001ca0000039ffc0200000001fb00000012005300630065006e0065005400720065006501000000000000039f0000000000000000000000010000023a0000047afc0200000001fb0000001400540065007800740045006400690074006f007201000000160000047a0000008600ffffff0000000300000a00000000dafc0100000002fb0000000e0043006f006e0073006f006c006501000001d0000005b00000000000000000fb0000001a0043006f006e0073006f006c00650041006c006c0041006c006c010000000000000a000000006900ffffff000007c40000047a00000004000000040000000100000008fc00000000
maximizedDockId: -1
centralWidgetVisible: 1
orthographicViewHeight: 1
textFiles: -1
consoles: Console:All:All
renderingDevicePerspectives: vehicle(1):camera;1;2.34375;0;0
renderingDevicePerspectives: vehicle(1):display;1;1;0;0.197897
